Ti: 47.8667450392
Al: 26.9815385
Sb: 121.75978116
Ar: 39.947798559811
As: 74.921595
Ba: 137.3266716329
Be: 9.0121831
Bi: 208.9804
B: 10.811027768
Br: 79.9035281312
Cd: 112.41381822628
Cs: 132.90545196
Ca: 40.078022556685
C: 12.010735896734
Ce: 140.11568796544
Cl: 35.45293759576
Cr: 51.99613155207
Co: 58.933194
Cu: 63.546040232
Dy: 162.4994736263
Er: 167.2590826471
Eu: 151.964380222
F: 18.998403163
Gd: 157.252129362
Ga: 69.72306654068
Ge: 72.629848947502
Au: 196.966569
Hf: 178.484981046
He: 4.0026012809521
Ho: 164.93033
H: 1.0079407540258
In: 114.81826662365
I: 126.90447
Ir: 192.21605091
Fe: 55.84514413384
Kr: 83.798000008173
La: 138.90547257496
Pb: 207.216908331
Li: 6.9400366060273
Lu: 174.9668196409
Mg: 24.30505162813
Mn: 54.938044
Hg: 200.5925604459
Mo: 95.94877861586
Nd: 144.2415850959
Ne: 20.180046382704
Ni: 58.693350850485
Nb: 92.90637
N: 14.006703211018
Os: 190.2248599678
O: 15.999404924748
Pd: 106.415327603
P: 30.973761998
Pt: 195.08442654336
K: 39.098300913589
Pr: 140.90766
Pa: 231.03588
Re: 186.20670467
Rh: 102.9055
Rb: 85.467663596857
Ru: 101.0649405856
Sm: 150.364653781
Sc: 44.955908
Se: 78.97108159455
Si: 28.08549870492
Ag: 107.86814866065
Na: 22.98976928
Sr: 87.6166449564
S: 32.064787405608
Ta: 180.94787983515
Te: 127.6031262846
Tb: 158.92535
Tl: 204.3834130984
Tm: 168.93422
Sn: 118.71011268418
W: 183.8417768297
U: 238.02914609015
V: 50.9414649975
Xe: 131.29277146386
Yb: 173.0541334604
Y: 88.90584
Zn: 65.3777826753
Zr: 91.223641841
Th: 232.037659014
